268
269
270
271
272
274
275
276
277
278
279
280
281
282
283
285
286
287
288
289
290
291
292
293
294
295
296
297
299
300
301
302
303
304
306
307
308
309
310
311
312
313
314
315
317
319
320
321
322
323
324
325
326
327
328
329
330
332
333
334
335
336
337
338
339
340
341
343
344
345
346
347
349
350
368
369
370
371
372
373
374
459
460
461
462
474
475
682
683
684
685
686
687
688
689
690
691
693
694
695
697
698
699
700
704
705
706
707
708
709
710
711
712
713
716
722
725
726
727
728
729
732
733
734
735
739
740
761
762
763
1147
1156
1162
1212
1219
1238
1289
1425
1735
1748
1787
316
773
775
777
1167
1171
1215
1199
1834
1197
1838
B
C
D
E
F
