Pipe_Name,Diameter_m,Diameter_mm
799,0.9990,999.0
1035,0.9990,999.0
1089,0.9990,999.0
1110,0.9990,999.0
1168,0.9990,999.0
1172,0.9990,999.0
1180,0.9990,999.0
1198,0.9990,999.0
1200,0.9990,999.0
1216,0.9990,999.0
1284,0.9990,999.0
1303,0.9990,999.0
1306,0.9990,999.0
1470,0.9990,999.0
1644,0.9990,999.0
1685,0.9990,999.0
1694,0.9990,999.0
v1E,0.9990,999.0
1795,0.9990,999.0
1819,0.9990,999.0
1822,0.9990,999.0
1835,0.9990,999.0
1839,0.9990,999.0
1847,0.9990,999.0
1850,0.9990,999.0
1865,0.9990,999.0
1867,0.9990,999.0
1885,0.9990,999.0
1932,0.9990,999.0
1933,0.9990,999.0
1935,0.9990,999.0
1936,0.9990,999.0
1945,0.9990,999.0
1946,0.9990,999.0
1951,0.9990,999.0
1953,0.9990,999.0
1955,0.9990,999.0
1956,0.9990,999.0
1979,0.9990,999.0
1993,0.9990,999.0
1994,0.9990,999.0
