6
8
22
33
35
41
46
49
52
53
55
57
61
65
66
71
72
75
80
82
90
94
98
101
103
108
109
110
114
116
118
122
126
130
134
137
142
145
148
156
158
168
169
176
177
180
185
186
187
191
192
195
198
200
202
209
221
223
226
229
231
235
237
244
254
262
265
275
277
279
282
286
302
307
326
332
335
339
343
345
346
354
391
400
404
409
415
416
417
418
421
430
431
434
446
449
451
452
464
468
470
475
481
483
485
488
489
497
498
501
503
504
514
520
521
523
528
532
536
556
558
580
582
588
594
596
598
603
611
614
616
619
621
623
624
626
629
631
675
678
681
695
703
706
710
715
724
731
743
747
749
758
759
1925
641
838
868
877
890
916
930
962
969
1114
1119
1147
1156
1162
1212
1219
1231
1238
1260
1268
1276
1289
1328
1341
1378
1394
1425
1442
1446
1451
1671
1697
1712
1720
1735
1748
1808
1811
2016
1643
1815
1658
1005
O
D
